0 0 0
1 0 0
2 0 0
3 0 0
4 0 0
5 5 0
6 0 0
7 0 0
8 0 0
9 0 0
10 0 0
11 0 0
12 0 0
13 0 0
14 3 0
15 0 0
0 5 1
1 3 1
2 2 1
3 4 1
4 2 1
5 10 1
6 8 1
7 4 1
8 3 1
9 3 1
10 3 1
11 1 1
12 1 1
13 2 1
14 7 1
15 1 1
0 6 2
1 5 2
2 5 2
3 9 2
4 4 2
5 0 2
6 2 2
7 6 2
8 9 2
9 4 2
10 6 2
11 3 2
12 6 2
13 4 2
14 0 2
15 6 2
0 11 3
1 6 3
2 8 3
3 13 3
4 9 3
5 14 3
6 12 3
7 8 3
8 10 3
9 9 3
10 10 3
11 8 3
12 7 3
13 5 3
14 10 3
15 9 3
0 15 4
1 8 4
2 13 4
3 19 4
4 13 4
5 19 4
6 17 4
7 12 4
8 13 4
9 11 4
10 14 4
11 9 4
12 10 4
13 10 4
14 13 4
15 14 4
0 18 5
1 11 5
2 14 5
3 23 5
4 14 5
5 21 5
6 20 5
7 17 5
8 16 5
9 14 5
10 18 5
11 14 5
12 11 5
13 14 5
14 14 5
15 19 5
0 22 6
1 16 6
2 19 6
3 26 6
4 18 6
5 23 6
6 23 6
7 21 6
8 17 6
9 18 6
10 15 6
11 16 6
12 14 6
13 15 6
14 15 6
15 21 6
0 24 7
1 20 7
2 24 7
3 30 7
4 24 7
5 26 7
6 6 7
7 23 7
8 19 7
9 24 7
10 24 7
11 18 7
12 18 7
13 17 7
14 17 7
15 24 7
0 9 8
1 23 8
2 26 8
3 38 8
4 22 8
5 30 8
6 28 8
7 27 8
8 21 8
9 26 8
10 28 8
11 23 8
12 22 8
13 19 8
14 22 8
15 26 8
0 27 9
1 28 9
2 27 9
3 40 9
4 29 9
5 34 9
6 30 9
7 28 9
8 22 9
9 27 9
10 33 9
11 28 9
12 25 9
13 21 9
14 26 9
15 32 9
0 32 10
1 30 10
2 31 10
3 44 10
4 31 10
5 39 10
6 34 10
7 31 10
8 27 10
9 32 10
10 40 10
11 33 10
12 27 10
13 28 10
14 28 10
15 35 10
0 34 11
1 34 11
2 33 11
3 17 11
4 32 11
5 45 11
6 38 11
7 35 11
8 30 11
9 35 11
10 44 11
11 25 11
12 32 11
13 24 11
14 32 11
15 38 11
0 37 12
1 40 12
2 38 12
3 34 12
4 37 12
5 50 12
6 39 12
7 33 12
8 31 12
9 38 12
10 49 12
11 36 12
12 34 12
13 33 12
14 37 12
15 42 12
0 43 13
1 44 13
2 40 13
3 53 13
4 38 13
5 54 13
6 42 13
7 40 13
8 36 13
9 40 13
10 54 13
11 39 13
12 38 13
13 38 13
14 38 13
15 47 13
0 52 14
1 49 14
2 44 14
3 58 14
4 41 14
5 35 14
6 44 14
7 42 14
8 37 14
9 43 14
10 58 14
11 44 14
12 42 14
13 26 14
14 41 14
15 52 14
0 38 15
1 55 15
2 49 15
3 50 15
4 45 15
5 36 15
6 48 15
7 43 15
8 40 15
9 48 15
10 61 15
11 47 15
12 44 15
13 43 15
14 42 15
15 7 15
0 48 16
1 46 16
2 45 16
3 36 16
4 49 16
5 59 16
6 50 16
7 46 16
8 44 16
9 53 16
10 66 16
11 51 16
12 49 16
13 44 16
14 45 16
15 57 16
0 57 17
1 62 17
2 46 17
3 67 17
4 52 17
5 63 17
6 52 17
7 47 17
8 47 17
9 54 17
10 37 17
11 54 17
12 54 17
13 45 17
14 49 17
15 59 17
0 62 18
1 65 18
2 54 18
3 73 18
4 57 18
5 37 18
6 53 18
7 49 18
8 51 18
9 58 18
10 22 18
11 57 18
12 57 18
13 49 18
14 53 18
15 63 18
0 65 19
1 52 19
2 62 19
3 78 19
4 60 19
5 67 19
6 55 19
7 53 19
8 58 19
9 61 19
10 70 19
11 58 19
12 59 19
13 52 19
14 57 19
15 55 19
0 67 20
1 70 20
2 59 20
3 61 20
4 64 20
5 70 20
6 58 20
7 58 20
8 53 20
9 63 20
10 74 20
11 60 20
12 64 20
13 56 20
14 58 20
15 66 20
0 69 21
1 74 21
2 67 21
3 83 21
4 39 21
5 75 21
6 59 21
7 60 21
8 63 21
9 66 21
10 47 21
11 68 21
12 68 21
13 61 21
14 64 21
15 70 21
0 41 22
1 78 22
2 69 22
3 87 22
4 66 22
5 77 22
6 63 22
7 62 22
8 72 22
9 71 22
10 79 22
11 72 22
12 70 22
13 62 22
14 66 22
15 73 22
0 74 23
1 38 23
2 74 23
3 95 23
4 69 23
5 80 23
6 65 23
7 66 23
8 68 23
9 75 23
10 83 23
11 65 23
12 72 23
13 66 23
14 71 23
15 78 23
0 76 24
1 83 24
2 71 24
4 73 24
5 77 24
6 84 24
7 70 24
8 68 24
9 76 24
10 79 24
11 85 24
12 79 24
13 75 24
14 69 24
15 75 24
0 80 24
1 81 24
2 86 24
3 79 24
5 86 25
6 82 25
7 93 25
8 76 25
9 72 25
10 56 25
11 84 25
12 87 25
13 81 25
14 78 25
15 73 25
0 78 25
1 84 25
2 83 25
3 59 25
4 83 25
6 79 26
7 87 26
8 82 26
9 83 26
10 75 26
11 79 26
12 90 26
13 89 26
14 86 26
15 80 26
0 79 26
1 79 26
2 88 26
3 85 26
4 90 26
5 86 26
6 56 27
7 92 27
8 97 27
9 87 27
10 78 27
11 84 27
12 94 27
13 91 27
14 89 27
15 84 27
0 84 27
1 83 27
2 92 27
3 87 27
4 94 27
5 88 27
6 91 28
8 86 28
10 96 28
11 92 28
12 82 28
13 92 28
14 64 28
0 90 28
1 77 28
2 96 28
3 88 28
4 85 28
5 93 28
6 93 28
7 95 28
8 91 28
10 93 28
13 93 28
14 91 28
15 95 28
0 87 28
2 93 28
7 91 28
8 99 28
9 92 28
x
x
12 92 29
13 97 29
14 86 29
15 94 29
0 95 29
1 98 29
2 97 29
x
3 65 29
x
x
4 97 29
x
x
x
x
x
x
x
x
x
x
x
x
x
x
x
x
x
x
x
x
x
x
x
x
x
x
x
x
x
x
x
x
x
x
x
x
x
x
x
x
x
x
x
x
x
x
x
x
x
x
x
x
x
x
x
x
x
x
x
x
x
x
x
x
x
x
x
x
x
x
x
x
x
x
x
x
x
x
x
x
x
x
x
x
x
x
x
x
x
x
x
x
x
x
x
x
x
x
x
x
x
x
x
x
x
x
x
x
x
x
x
x
x
x
x
x
x
x
x
x
x
x
x
x
x
x
x
x
x
x
x
x
x
x
x
